                                           ПОЛНАЯ СТОИМОСТЬ           ПОЛНАЯ СТОИМОСТЬ
                                                                                КРЕДИТА1
                                                    КРЕДИТА1
                                                                               18 900 309,99
                                                      22,054
                                                                       (ВОСЕМНАДЦАТЬ МИЛЛИОНОВ
                                               (ДВАДЦАТЬ ДВЕ ЦЕЛЫХ
                                                                         ДЕВЯТЬСОТ ТЫСЯЧ ТРИСТА
                                           ПЯТЬДЕСЯТ ЧЕТЫРЕ ТЫСЯЧНЫХ)
                                                                        ДЕВЯТЬ РУБЛЕЙ ДЕВЯНОСТО
                                                   % ГОДОВЫХ2            ДЕВЯТЬ КОПЕЕК) РУБЛЕЙ2




                                                 ГРАФИК ПЛАТЕЖЕЙ

                                                                                                     "04" мая 2026 г.

 Ф.И.О. СОЗАЕМЩИКОВ гр. Зубарева Мария Александровна, гр. ЗУБАРЕВ ДАНИИЛ СЕРГЕЕВИЧ

 Договор № 127296828 от "04" мая 2026 г.

 Дата фактического предоставления кредита "04" мая 2026 г.

 Настоящий график платежей оформлен в связи с:
 -выдачей кредита


                                             Сумма платежа в рублях
                                                                                                     Остаток
  №
          Дата                                                                                  задолженности по
  п/п                                            По процентам за
                         По кредиту:                                          ИТОГО:             кредиту (рубли)
                                              пользование кредитом:

   1    04.06.2026          0.00                    69 706.07                 69 706.07            3 835 200.00
   2    04.07.2026        2 248.58                  67 457.49                 69 706.07            3 832 951.42
   3    04.08.2026          40.87                   69 665.20                 69 706.07            3 832 910.55
   4    04.09.2026          41.61                   69 664.46                 69 706.07            3 832 868.94
   5    04.10.2026        2 289.58                  67 416.49                 69 706.07            3 830 579.36
   6    04.11.2026          83.98                   69 622.09                 69 706.07            3 830 495.38
   7    04.12.2026        2 331.33                  67 374.74                 69 706.07            3 828 164.05
   8    04.01.2027         127.88                   69 578.19                 69 706.07            3 828 036.17
   9    04.02.2027         130.20                   69 575.87                 69 706.07            3 827 905.97
   10   04.03.2027        6 865.49                  62 840.58                 69 706.07            3 821 040.48
   11   04.04.2027         257.35                   69 448.72                 69 706.07            3 820 783.13
   12   04.05.2027        2 502.16                  67 203.91                 69 706.07            3 818 280.97


1. Расчет Полной стоимости кредита осуществлен исходя из максимально-возможной суммы платежей по Кредитному
договору с учетом наибольшей ставки, применяемой в случае невыполнения условий Кредитного договора/Программы
кредитования.
2. Платежи, включаемые в расчет Полной стоимости кредита, определяются в соответствии с законодательством Российской
Федерации.
13   04.06.2027   307.51     69 398.56   69 706.07   3 817 973.46
14   04.07.2027   2 551.58   67 154.49   69 706.07   3 815 421.88
15   04.08.2027   359.47     69 346.60   69 706.07   3 815 062.41
16   04.09.2027   366.00     69 340.07   69 706.07   3 814 696.41
17   04.10.2027   2 609.22   67 096.85   69 706.07   3 812 087.19
18   04.11.2027   420.08     69 285.99   69 706.07   3 811 667.11
19   04.12.2027   2 662.50   67 043.57   69 706.07   3 809 004.61
20   04.01.2028   500.52     69 205.55   69 706.07   3 808 504.09
21   04.02.2028   674.33     69 031.74   69 706.07   3 807 829.76
22   04.03.2028   5 139.43   64 566.64   69 706.07   3 802 690.33
23   04.04.2028   779.71     68 926.36   69 706.07   3 801 910.62
24   04.05.2028   3 016.82   66 689.25   69 706.07   3 798 893.80
25   04.06.2028   848.53     68 857.54   69 706.07   3 798 045.27
26   04.07.2028   3 084.62   66 621.45   69 706.07   3 794 960.65
27   04.08.2028   919.82     68 786.25   69 706.07   3 794 040.83
28   04.09.2028   936.49     68 769.58   69 706.07   3 793 104.34
29   04.10.2028   3 171.29   66 534.78   69 706.07   3 789 933.05
30   04.11.2028   1 010.94   68 695.13   69 706.07   3 788 922.11
31   04.12.2028   3 244.65   66 461.42   69 706.07   3 785 677.46
32   04.01.2029   1 063.82   68 642.25   69 706.07   3 784 613.64
33   04.02.2029   919.42     68 786.65   69 706.07   3 783 694.22
34   04.03.2029   7 591.29   62 114.78   69 706.07   3 776 102.93
35   04.04.2029   1 074.11   68 631.96   69 706.07   3 775 028.82
36   04.05.2029   3 306.93   66 399.14   69 706.07   3 771 721.89
37   04.06.2029   1 153.73   68 552.34   69 706.07   3 770 568.16
38   04.07.2029   3 385.39   66 320.68   69 706.07   3 767 182.77
39   04.08.2029   1 236.23   68 469.84   69 706.07   3 765 946.54
40   04.09.2029   1 258.70   68 447.37   69 706.07   3 764 687.84
41   04.10.2029   3 488.82   66 217.25   69 706.07   3 761 199.02
42   04.11.2029   1 344.99   68 361.08   69 706.07   3 759 854.03
43   04.12.2029   3 573.84   66 132.23   69 706.07   3 756 280.19
44   04.01.2030   1 434.39   68 271.68   69 706.07   3 754 845.80
45   04.02.2030   1 460.46   68 245.61   69 706.07   3 753 385.34
46   04.03.2030   8 088.85   61 617.22   69 706.07   3 745 296.49
47   04.04.2030   1 634.02   68 072.05   69 706.07   3 743 662.47
48   04.05.2030   3 858.64   65 847.43   69 706.07   3 739 803.83
49   04.06.2030   1 733.85   67 972.22   69 706.07   3 738 069.98
50   04.07.2030   3 957.00   65 749.07   69 706.07   3 734 112.98
51   04.08.2030   1 837.29   67 868.78   69 706.07   3 732 275.69
52   04.09.2030   1 870.68    67 835.39   69 706.07   3 730 405.01
53   04.10.2030   4 091.82    65 614.25   69 706.07   3 726 313.19
54   04.11.2030   1 979.05    67 727.02   69 706.07   3 724 334.14
55   04.12.2030   4 198.60    65 507.47   69 706.07   3 720 135.54
56   04.01.2031   2 091.33    67 614.74   69 706.07   3 718 044.21
57   04.02.2031   2 129.34    67 576.73   69 706.07   3 715 914.87
58   04.03.2031   8 703.98    61 002.09   69 706.07   3 707 210.89
59   04.04.2031   2 326.24    67 379.83   69 706.07   3 704 884.65
60   04.05.2031   4 540.70    65 165.37   69 706.07   3 700 343.95
61   04.06.2031   2 451.05    67 255.02   69 706.07   3 697 892.90
62   04.07.2031   4 663.68    65 042.39   69 706.07   3 693 229.22
63   04.08.2031   2 580.36    67 125.71   69 706.07   3 690 648.86
64   04.09.2031   2 627.26    67 078.81   69 706.07   3 688 021.60
65   04.10.2031   4 837.31    64 868.76   69 706.07   3 683 184.29
66   04.11.2031   2 762.93    66 943.14   69 706.07   3 680 421.36
67   04.12.2031   4 970.99    64 735.08   69 706.07   3 675 450.37
68   04.01.2032   2 927.05    66 779.02   69 706.07   3 672 523.32
69   04.02.2032   3 139.08    66 566.99   69 706.07   3 669 384.24
70   04.03.2032   7 486.95    62 219.12   69 706.07   3 661 897.29
71   04.04.2032   3 331.68    66 374.39   69 706.07   3 658 565.61
72   04.05.2032   5 531.23    64 174.84   69 706.07   3 653 034.38
73   04.06.2032   3 492.33    66 213.74   69 706.07   3 649 542.05
74   04.07.2032   5 689.51    64 016.56   69 706.07   3 643 852.54
75   04.08.2032   3 658.75    66 047.32   69 706.07   3 640 193.79
76   04.09.2032   3 725.07    65 981.00   69 706.07   3 636 468.72
77   04.10.2032   5 918.83    63 787.24   69 706.07   3 630 549.89
78   04.11.2032   3 899.87    65 806.20   69 706.07   3 626 650.02
79   04.12.2032   6 091.06    63 615.01   69 706.07   3 620 558.96
80   04.01.2033   4 057.77    65 648.30   69 706.07   3 616 501.19
81   04.02.2033   3 974.92    65 731.15   69 706.07   3 612 526.27
82   04.03.2033   10 401.26   59 304.81   69 706.07   3 602 125.01
83   04.04.2033   4 236.21    65 469.86   69 706.07   3 597 888.80
84   04.05.2033   6 422.66    63 283.41   69 706.07   3 591 466.14
85   04.06.2033   4 429.94    65 276.13   69 706.07   3 587 036.20
86   04.07.2033   6 613.54    63 092.53   69 706.07   3 580 422.66
87   04.08.2033   4 630.66    65 075.41   69 706.07   3 575 792.00
88   04.09.2033   4 714.83    64 991.24   69 706.07   3 571 077.17
89   04.10.2033   6 894.25    62 811.82   69 706.07   3 564 182.92
90   04.11.2033   4 925.82    64 780.25   69 706.07   3 559 257.10
91   04.12.2033   7 102.15    62 603.92   69 706.07   3 552 154.95
92   04.01.2034   5 144.44    64 561.63   69 706.07   3 547 010.51
93   04.02.2034   5 237.94    64 468.13   69 706.07   3 541 772.57
94   04.03.2034   11 562.78   58 143.29   69 706.07   3 530 209.79
95   04.04.2034   5 543.30    64 162.77   69 706.07   3 524 666.49
96   04.05.2034   7 710.57    61 995.50   69 706.07   3 516 955.92
97   04.06.2034   5 784.19    63 921.88   69 706.07   3 511 171.73
98   04.07.2034   7 947.93    61 758.14   69 706.07   3 503 223.80
99   04.08.2034   6 033.78    63 672.29   69 706.07   3 497 190.02
100 04.09.2034    6 143.44    63 562.63   69 706.07   3 491 046.58
101 04.10.2034    8 301.91    61 404.16   69 706.07   3 482 744.67
102 04.11.2034    6 405.99    63 300.08   69 706.07   3 476 338.68
103 04.12.2034    8 560.61    61 145.46   69 706.07   3 467 778.07
104 04.01.2035    6 678.02    63 028.05   69 706.07   3 461 100.05
105 04.02.2035    6 799.39    62 906.68   69 706.07   3 454 300.66
106 04.03.2035    12 998.76   56 707.31   69 706.07   3 441 301.90
107 04.04.2035    7 159.23    62 546.84   69 706.07   3 434 142.67
108 04.05.2035    9 302.79    60 403.28   69 706.07   3 424 839.88
109 04.06.2035    7 458.43    62 247.64   69 706.07   3 417 381.45
110 04.07.2035    9 597.61    60 108.46   69 706.07   3 407 783.84
111 04.08.2035    7 768.43    61 937.64   69 706.07   3 400 015.41
112 04.09.2035    7 909.63    61 796.44   69 706.07   3 392 105.78
113 04.10.2035    10 042.18   59 663.89   69 706.07   3 382 063.60
114 04.11.2035    8 235.91    61 470.16   69 706.07   3 373 827.69
115 04.12.2035    10 363.68   59 342.39   69 706.07   3 363 464.01
116 04.01.2036    8 595.51    61 110.56   69 706.07   3 354 868.50
117 04.02.2036    8 896.79    60 809.28   69 706.07   3 345 971.71
118 04.03.2036    12 970.82   56 735.25   69 706.07   3 333 000.89
119 04.04.2036    9 293.15    60 412.92   69 706.07   3 323 707.74
120 04.05.2036    11 404.97   58 301.10   69 706.07   3 312 302.77
121 04.06.2036     164.49     60 037.75   60 202.24   3 312 138.28
122 04.07.2036    2 104.08    58 098.16   60 202.24   3 310 034.20
123 04.08.2036     205.61     59 996.63   60 202.24   3 309 828.59
124 04.09.2036     209.34     59 992.90   60 202.24   3 309 619.25
125 04.10.2036    2 148.26    58 053.98   60 202.24   3 307 470.99
126 04.11.2036     252.07     59 950.17   60 202.24   3 307 218.92
127 04.12.2036    2 190.37    58 011.87   60 202.24   3 305 028.55
128 04.01.2037     275.16     59 927.08   60 202.24   3 304 753.39
129 04.02.2037     137.22     60 065.02   60 202.24   3 304 616.17
130 04.03.2037   5 952.21   54 250.03   60 202.24   3 298 663.96
131 04.04.2037   247.89     59 954.35   60 202.24   3 298 416.07
132 04.05.2037   2 186.26   58 015.98   60 202.24   3 296 229.81
133 04.06.2037   292.13     59 910.11   60 202.24   3 295 937.68
134 04.07.2037   2 229.86   57 972.38   60 202.24   3 293 707.82
135 04.08.2037   337.97     59 864.27   60 202.24   3 293 369.85
136 04.09.2037   344.12     59 858.12   60 202.24   3 293 025.73
137 04.10.2037   2 281.08   57 921.16   60 202.24   3 290 744.65
138 04.11.2037   391.83     59 810.41   60 202.24   3 290 352.82
139 04.12.2037   2 328.09   57 874.15   60 202.24   3 288 024.73
140 04.01.2038   441.26     59 760.98   60 202.24   3 287 583.47
141 04.02.2038   449.28     59 752.96   60 202.24   3 287 134.19
142 04.03.2038   6 239.20   53 963.04   60 202.24   3 280 894.99
143 04.04.2038   570.85     59 631.39   60 202.24   3 280 324.14
144 04.05.2038   2 504.48   57 697.76   60 202.24   3 277 819.66
145 04.06.2038   626.75     59 575.49   60 202.24   3 277 192.91
146 04.07.2038   2 559.56   57 642.68   60 202.24   3 274 633.35
147 04.08.2038   684.66     59 517.58   60 202.24   3 273 948.69
148 04.09.2038   697.10     59 505.14   60 202.24   3 273 251.59
149 04.10.2038   2 628.88   57 573.36   60 202.24   3 270 622.71
150 04.11.2038   757.55     59 444.69   60 202.24   3 269 865.16
151 04.12.2038   2 688.45   57 513.79   60 202.24   3 267 176.71
152 04.01.2039   820.18     59 382.06   60 202.24   3 266 356.53
153 04.02.2039   835.09     59 367.15   60 202.24   3 265 521.44
154 04.03.2039   6 594.01   53 608.23   60 202.24   3 258 927.43
155 04.04.2039   970.12     59 232.12   60 202.24   3 257 957.31
156 04.05.2039   2 897.89   57 304.35   60 202.24   3 255 059.42
157 04.06.2039   1 040.42   59 161.82   60 202.24   3 254 019.00
158 04.07.2039   2 967.17   57 235.07   60 202.24   3 251 051.83
159 04.08.2039   1 113.26   59 088.98   60 202.24   3 249 938.57
160 04.09.2039   1 133.49   59 068.75   60 202.24   3 248 805.08
161 04.10.2039   3 058.87   57 143.37   60 202.24   3 245 746.21
162 04.11.2039   1 209.69   58 992.55   60 202.24   3 244 536.52
163 04.12.2039   3 133.95   57 068.29   60 202.24   3 241 402.57
164 04.01.2040   1 309.40   58 892.84   60 202.24   3 240 093.17
165 04.02.2040   1 473.34   58 728.90   60 202.24   3 238 619.83
166 04.03.2040   5 287.28   54 914.96   60 202.24   3 233 332.55
167 04.04.2040   1 595.88   58 606.36   60 202.24   3 231 736.67
168 04.05.2040   3 514.40   56 687.84   60 202.24   3 228 222.27
169 04.06.2040   1 688.51   58 513.73   60 202.24   3 226 533.76
170 04.07.2040   3 605.66   56 596.58   60 202.24   3 222 928.10
171 04.08.2040   1 784.47   58 417.77   60 202.24   3 221 143.63
172 04.09.2040   1 816.81   58 385.43   60 202.24   3 219 326.82
173 04.10.2040   3 732.08   56 470.16   60 202.24   3 215 594.74
174 04.11.2040   1 917.39   58 284.85   60 202.24   3 213 677.35
175 04.12.2040   3 831.18   56 371.06   60 202.24   3 209 846.17
176 04.01.2041   2 001.02   58 201.22   60 202.24   3 207 845.15
177 04.02.2041   1 898.56   58 303.68   60 202.24   3 205 946.59
178 04.03.2041   7 572.02   52 630.22   60 202.24   3 198 374.57
179 04.04.2041   2 070.69   58 131.55   60 202.24   3 196 303.88
180 04.05.2041   3 982.32   56 219.92   60 202.24   3 192 321.56
181 04.06.2041   2 180.70   58 021.54   60 202.24   3 190 140.86
182 04.07.2041   4 090.72   56 111.52   60 202.24   3 186 050.14
183 04.08.2041   2 294.69   57 907.55   60 202.24   3 183 755.45
184 04.09.2041   2 336.39   57 865.85   60 202.24   3 181 419.06
185 04.10.2041   4 244.13   55 958.11   60 202.24   3 177 174.93
186 04.11.2041   2 456.00   57 746.24   60 202.24   3 174 718.93
187 04.12.2041   4 361.98   55 840.26   60 202.24   3 170 356.95
188 04.01.2042   2 579.92   57 622.32   60 202.24   3 167 777.03
189 04.02.2042   2 626.81   57 575.43   60 202.24   3 165 150.22
190 04.03.2042   8 241.75   51 960.49   60 202.24   3 156 908.47
191 04.04.2042   2 824.35   57 377.89   60 202.24   3 154 084.12
192 04.05.2042   4 724.92   55 477.32   60 202.24   3 149 359.20
193 04.06.2042   2 961.56   57 240.68   60 202.24   3 146 397.64
194 04.07.2042   4 860.12   55 342.12   60 202.24   3 141 537.52
195 04.08.2042   3 103.72   57 098.52   60 202.24   3 138 433.80
196 04.09.2042   3 160.13   57 042.11   60 202.24   3 135 273.67
197 04.10.2042   5 055.78   55 146.46   60 202.24   3 130 217.89
198 04.11.2042   3 309.46   56 892.78   60 202.24   3 126 908.43
199 04.12.2042   5 202.92   54 999.32   60 202.24   3 121 705.51
200 04.01.2043   3 464.17   56 738.07   60 202.24   3 118 241.34
201 04.02.2043   3 527.14   56 675.10   60 202.24   3 114 714.20
202 04.03.2043   9 069.73   51 132.51   60 202.24   3 105 644.47
203 04.04.2043   3 756.09   56 446.15   60 202.24   3 101 888.38
204 04.05.2043   5 643.00   54 559.24   60 202.24   3 096 245.38
205 04.06.2043   3 926.92   56 275.32   60 202.24   3 092 318.46
206 04.07.2043   5 811.32   54 390.92   60 202.24   3 086 507.14
207 04.08.2043   4 103.92   56 098.32   60 202.24   3 082 403.22
208 04.09.2043   4 178.51    56 023.73   60 202.24   3 078 224.71
209 04.10.2043   6 059.22    54 143.02   60 202.24   3 072 165.49
210 04.11.2043   4 364.58    55 837.66   60 202.24   3 067 800.91
211 04.12.2043   6 242.56    53 959.68   60 202.24   3 061 558.35
212 04.01.2044   4 576.98    55 625.26   60 202.24   3 056 981.37
213 04.02.2044   4 792.36    55 409.88   60 202.24   3 052 189.01
214 04.03.2044   8 448.46    51 753.78   60 202.24   3 043 740.55
215 04.04.2044   5 032.36    55 169.88   60 202.24   3 038 708.19
216 04.05.2044   6 900.31    53 301.93   60 202.24   3 031 807.88
217 04.06.2044   5 248.65    54 953.59   60 202.24   3 026 559.23
218 04.07.2044   7 113.41    53 088.83   60 202.24   3 019 445.82
219 04.08.2044   5 472.72    54 729.52   60 202.24   3 013 973.10
220 04.09.2044   5 571.92    54 630.32   60 202.24   3 008 401.18
221 04.10.2044   7 431.92    52 770.32   60 202.24   3 000 969.26
222 04.11.2044   5 807.62    54 394.62   60 202.24   2 995 161.64
223 04.12.2044   7 664.16    52 538.08   60 202.24   2 987 497.48
224 04.01.2045   6 032.66    54 169.58   60 202.24   2 981 464.82
225 04.02.2045   6 013.10    54 189.14   60 202.24   2 975 451.72
226 04.03.2045   11 355.92   48 846.32   60 202.24   2 964 095.80
227 04.04.2045   6 328.78    53 873.46   60 202.24   2 957 767.02
228 04.05.2045   8 177.95    52 024.29   60 202.24   2 949 589.07
229 04.06.2045   6 592.45    53 609.79   60 202.24   2 942 996.62
230 04.07.2045   8 437.75    51 764.49   60 202.24   2 934 558.87
231 04.08.2045   6 865.63    53 336.61   60 202.24   2 927 693.24
232 04.09.2045   6 990.41    53 211.83   60 202.24   2 920 702.83
233 04.10.2045   8 829.88    51 372.36   60 202.24   2 911 872.95
234 04.11.2045   7 277.95    52 924.29   60 202.24   2 904 595.00
235 04.12.2045   9 113.20    51 089.04   60 202.24   2 895 481.80
236 04.01.2046   7 575.87    52 626.37   60 202.24   2 887 905.93
237 04.02.2046   7 713.56    52 488.68   60 202.24   2 880 192.37
238 04.03.2046   12 919.74   47 282.50   60 202.24   2 867 272.63
239 04.04.2046   8 088.58    52 113.66   60 202.24   2 859 184.05
240 04.05.2046   9 911.93    50 290.31   60 202.24   2 849 272.12
241 04.06.2046   5 947.52    51 786.50   57 734.02   2 843 324.60
242 04.07.2046   7 722.67    50 011.35   57 734.02   2 835 601.93
243 04.08.2046   6 195.98    51 538.04   57 734.02   2 829 405.95
244 04.09.2046   6 308.60    51 425.42   57 734.02   2 823 097.35
245 04.10.2046   8 078.44    49 655.58   57 734.02   2 815 018.91
246 04.11.2046   6 570.09    51 163.93   57 734.02   2 808 448.82
247 04.12.2046   8 336.10    49 397.92   57 734.02   2 800 112.72
248 04.01.2047   6 841.01    50 893.01   57 734.02   2 793 271.71
249 04.02.2047   6 965.35    50 768.67   57 734.02   2 786 306.36
250 04.03.2047   11 992.79   45 741.23   57 734.02   2 774 313.57
251 04.04.2047   7 309.92    50 424.10   57 734.02   2 767 003.65
252 04.05.2047   9 065.08    48 668.94   57 734.02   2 757 938.57
253 04.06.2047   7 607.54    50 126.48   57 734.02   2 750 331.03
254 04.07.2047   9 358.33    48 375.69   57 734.02   2 740 972.70
255 04.08.2047   7 915.90    49 818.12   57 734.02   2 733 056.80
256 04.09.2047   8 059.78    49 674.24   57 734.02   2 724 997.02
257 04.10.2047   9 803.94    47 930.08   57 734.02   2 715 193.08
258 04.11.2047   8 384.46    49 349.56   57 734.02   2 706 808.62
259 04.12.2047   10 123.85   47 610.17   57 734.02   2 696 684.77
260 04.01.2048   8 738.13    48 995.89   57 734.02   2 687 946.64
261 04.02.2048   9 013.15    48 720.87   57 734.02   2 678 933.49
262 04.03.2048   12 309.26   45 424.76   57 734.02   2 666 624.23
263 04.04.2048   9 399.63    48 334.39   57 734.02   2 657 224.60
264 04.05.2048   11 123.69   46 610.33   57 734.02   2 646 100.91
265 04.06.2048   9 771.63    47 962.39   57 734.02   2 636 329.28
266 04.07.2048   11 490.21   46 243.81   57 734.02   2 624 839.07
267 04.08.2048   10 157.02   47 577.00   57 734.02   2 614 682.05
268 04.09.2048   10 341.12   47 392.90   57 734.02   2 604 340.93
269 04.10.2048   12 051.32   45 682.70   57 734.02   2 592 289.61
270 04.11.2048   10 747.00   46 987.02   57 734.02   2 581 542.61
271 04.12.2048   12 451.22   45 282.80   57 734.02   2 569 091.39
272 04.01.2049   11 151.02   46 583.00   57 734.02   2 557 940.37
273 04.02.2049   11 242.58   46 491.44   57 734.02   2 546 697.79
274 04.03.2049   15 926.31   41 807.71   57 734.02   2 530 771.48
275 04.04.2049   11 736.38   45 997.64   57 734.02   2 519 035.10
276 04.05.2049   13 426.61   44 307.41   57 734.02   2 505 608.49
277 04.06.2049   12 193.73   45 540.29   57 734.02   2 493 414.76
278 04.07.2049   13 877.25   43 856.77   57 734.02   2 479 537.51
279 04.08.2049   12 667.58   45 066.44   57 734.02   2 466 869.93
280 04.09.2049   12 897.81   44 836.21   57 734.02   2 453 972.12
281 04.10.2049   14 571.00   43 163.02   57 734.02   2 439 401.12
282 04.11.2049   13 397.07   44 336.95   57 734.02   2 426 004.05
283 04.12.2049   15 062.94   42 671.08   57 734.02   2 410 941.11
284 04.01.2050   13 914.34   43 819.68   57 734.02   2 397 026.77
285 04.02.2050   14 167.24   43 566.78   57 734.02   2 382 859.53
286 04.03.2050   18 615.95   39 118.07   57 734.02   2 364 243.58
287 04.04.2050   14 763.08   42 970.94   57 734.02   2 349 480.50
288 04.05.2050   16 408.91   41 325.11   57 734.02   2 333 071.59
289 04.06.2050   15 329.64   42 404.38   57 734.02   2 317 741.95
290 04.07.2050   16 967.16   40 766.86   57 734.02   2 300 774.79
291 04.08.2050   15 916.65   41 817.37   57 734.02   2 284 858.14
292 04.09.2050   16 205.94   41 528.08   57 734.02   2 268 652.20
293 04.10.2050   17 830.60   39 903.42   57 734.02   2 250 821.60
294 04.11.2050   16 824.57   40 909.45   57 734.02   2 233 997.03
295 04.12.2050   18 440.15   39 293.87   57 734.02   2 215 556.88
296 04.01.2051   17 465.51   40 268.51   57 734.02   2 198 091.37
297 04.02.2051   17 782.96   39 951.06   57 734.02   2 180 308.41
298 04.03.2051   21 941.12   35 792.90   57 734.02   2 158 367.29
299 04.04.2051   18 504.96   39 229.06   57 734.02   2 139 862.33
300 04.05.2051   20 095.89   37 638.13   57 734.02   2 119 766.44
301 04.06.2051   19 206.54   38 527.48   57 734.02   2 100 559.90
302 04.07.2051   20 787.19   36 946.83   57 734.02   2 079 772.71
303 04.08.2051   19 933.44   37 800.58   57 734.02   2 059 839.27
304 04.09.2051   20 295.74   37 438.28   57 734.02   2 039 543.53
305 04.10.2051   21 860.41   35 873.61   57 734.02   2 017 683.12
306 04.11.2051   21 061.94   36 672.08   57 734.02   1 996 621.18
307 04.12.2051   22 615.37   35 118.65   57 734.02   1 974 005.81
308 04.01.2052   21 868.44   35 865.58   57 734.02   1 952 137.37
309 04.02.2052   22 350.20   35 383.82   57 734.02   1 929 787.17
310 04.03.2052   25 012.00   32 722.02   57 734.02   1 904 775.17
311 04.04.2052   23 208.67   34 525.35   57 734.02   1 881 566.50
312 04.05.2052   24 729.49   33 004.53   57 734.02   1 856 837.01
313 04.06.2052   24 077.58   33 656.44   57 734.02   1 832 759.43
314 04.07.2052   25 585.62   32 148.40   57 734.02   1 807 173.81
315 04.08.2052   24 977.76   32 756.26   57 734.02   1 782 196.05
316 04.09.2052   25 430.50   32 303.52   57 734.02   1 756 765.55
317 04.10.2052   26 918.62   30 815.40   57 734.02   1 729 846.93
318 04.11.2052   26 379.36   31 354.66   57 734.02   1 703 467.57
319 04.12.2052   27 853.52   29 880.50   57 734.02   1 675 614.05
320 04.01.2053   27 351.63   30 382.39   57 734.02   1 648 262.42
321 04.02.2053   27 776.29   29 957.73   57 734.02   1 620 486.13
322 04.03.2053   31 131.41   26 602.61   57 734.02   1 589 354.72
323 04.04.2053   28 846.95   28 887.07   57 734.02   1 560 507.77
324 04.05.2053   30 286.18   27 447.84   57 734.02   1 530 221.59
325 04.06.2053    29 921.72      27 812.30       57 734.02      1 500 299.87
326 04.07.2053    31 345.18      26 388.84       57 734.02      1 468 954.69
327 04.08.2053    31 035.27      26 698.75       57 734.02      1 437 919.42
328 04.09.2053    31 599.34      26 134.68       57 734.02      1 406 320.08
329 04.10.2053    32 998.20      24 735.82       57 734.02      1 373 321.88
330 04.11.2053    32 773.42      24 960.60       57 734.02      1 340 548.46
331 04.12.2053    34 155.06      23 578.96       57 734.02      1 306 393.40
332 04.01.2054    33 989.87      23 744.15       57 734.02      1 272 403.53
333 04.02.2054    34 607.65      23 126.37       57 734.02      1 237 795.88
334 04.03.2054    37 413.82      20 320.20       57 734.02      1 200 382.06
335 04.04.2054    35 916.66      21 817.36       57 734.02      1 164 465.40
336 04.05.2054    37 252.19      20 481.83       57 734.02      1 127 213.21
337 04.06.2054    37 246.53      20 487.49       57 734.02      1 089 966.68
338 04.07.2054    38 562.55      19 171.47       57 734.02      1 051 404.13
339 04.08.2054    38 624.39      19 109.63       57 734.02      1 012 779.74
340 04.09.2054    39 326.40      18 407.62       57 734.02      973 453.34
341 04.10.2054    40 611.91       17 122.11      57 734.02      932 841.43
342 04.11.2054    40 779.31      16 954.71       57 734.02      892 062.12
343 04.12.2054    42 043.50      15 690.52       57 734.02      850 018.62
344 04.01.2055    42 284.64      15 449.38       57 734.02      807 733.98
345 04.02.2055    43 053.18      14 680.84       57 734.02      764 680.80
346 04.03.2055    45 180.68      12 553.34       57 734.02      719 500.12
347 04.04.2055    44 656.86      13 077.16       57 734.02      674 843.26
348 04.05.2055    45 864.17       11 869.85      57 734.02      628 979.09
349 04.06.2055    46 302.11       11 431.91      57 734.02      582 676.98
350 04.07.2055    47 485.29      10 248.73       57 734.02      535 191.69
351 04.08.2055    48 006.73       9 727.29       57 734.02      487 184.96
352 04.09.2055    48 879.27       8 854.75       57 734.02      438 305.69
353 04.10.2055    50 024.64       7 709.38       57 734.02      388 281.05
354 04.11.2055    50 676.88       7 057.14       57 734.02      337 604.17
355 04.12.2055    51 795.89       5 938.13       57 734.02      285 808.28
356 04.01.2056    52 541.19       5 192.83       57 734.02      233 267.09
357 04.02.2056    53 505.89       4 228.13       57 734.02      179 761.20
358 04.03.2056    54 685.94       3 048.08       57 734.02      125 075.26
359 04.04.2056    55 466.95       2 267.07       57 734.02       69 608.31
360 04.05.2056    69 608.31       1 221.00       70 829.31         0.00
     ИТОГО:      3 835 200.00   18 694 974.89   22 530 174.89
                                            Информационный раздел.

        Прочие платежи3(при их наличии), включенные в расчет Полной стоимости кредита, которые
        являются фактическими условиями предоставления Жилищного кредита и (или) фактически
                           влияют на условия договора Жилищного кредита4.


   №                                                                                                    Сумма в
   п/п          Дата5,6,7,8                            Наименование услуги
                                                                                                        рублях

            Не позднее даты
    1                              Оценка Объекта(ов) недвижимости                                      2 000.00
            выдачи Кредита
            Не позднее даты
    2                              Сервис Регистрация и расчеты                                         18 800.00
            выдачи Кредита
            Не позднее даты
    3                              Страхование Объекта(ов) недвижимости                                 5 369.28
            выдачи Кредита
                                   Юридическая проверка недвижимости, организация
            Не позднее даты
    4                              выплаты денежного возмещения за утрату или                           59 500.00
            выдачи Кредита
                                   обременение права собственности недвижимости
    5          04/05/2027          Страхование Объекта(ов) недвижимости                                 5 349.10
    6          04/05/2028          Страхование Объекта(ов) недвижимости                                 5 322.67
    7          04/05/2029          Страхование Объекта(ов) недвижимости                                 5 285.04
    8          04/05/2030          Страхование Объекта(ов) недвижимости                                 5 241.13
    9          04/05/2031          Страхование Объекта(ов) недвижимости                                 5 186.84
    10         04/05/2032          Страхование Объекта(ов) недвижимости                                 5 121.99
    11         04/05/2033          Страхование Объекта(ов) недвижимости                                 5 037.04
    12         04/05/2034          Страхование Объекта(ов) недвижимости                                 4 934.53
    13         04/05/2035          Страхование Объекта(ов) недвижимости                                 4 807.80
    14         04/05/2036          Страхование Объекта(ов) недвижимости                                 4 653.19
    15         04/05/2037          Страхование Объекта(ов) недвижимости                                 4 617.78
    16         04/05/2038          Страхование Объекта(ов) недвижимости                                 4 592.45


3. Стоимость услуг рассчитана исходя из средних тарифов без учета индивидуальных особенностей Заемщика или
Титульного созаемщика (пол, возраст и т.д.), региона местонахождения Объекта недвижимости/офиса ПАО Сбербанк,
характеристик Объекта недвижимости (тип, год постройки, материал перекрытий) и т.д.
4. За исключением фактического влияния на условие о сумме Жилищного кредита.
5. Для услуг страхования жизни и здоровья Заемщика/Титульного созаемщика и страхования Объекта(ов) недвижимости
указывается плановая дата предоставления пролонгированного полиса/договора страхования.
6. Для пакета услуг «Домклик Плюс» указывается плановая дата пролонгации пакета услуг.
7. Для услуги Оценка Объекта(ов) недвижимости в рамках приобретения строящегося жилья указывается плановая дата
предоставления документов.
8. Для Сервисов Регистрация и расчеты и Электронная регистрация стоимость услуг указана без учета местоположения и
типа Объекта(ов) недвижимости.
17       04/05/2039         Страхование Объекта(ов) недвижимости                             4 561.14
18       04/05/2040         Страхование Объекта(ов) недвижимости                             4 524.43
19       04/05/2041         Страхование Объекта(ов) недвижимости                             4 474.83
20       04/05/2042         Страхование Объекта(ов) недвижимости                             4 415.72
21       04/05/2043         Страхование Объекта(ов) недвижимости                             4 342.64
22       04/05/2044         Страхование Объекта(ов) недвижимости                             4 254.19
23       04/05/2045         Страхование Объекта(ов) недвижимости                             4 140.87
24       04/05/2046         Страхование Объекта(ов) недвижимости                             4 002.86
25       04/05/2047         Страхование Объекта(ов) недвижимости                             3 873.81
26       04/05/2048         Страхование Объекта(ов) недвижимости                             3 720.11
27       04/05/2049         Страхование Объекта(ов) недвижимости                             3 526.65
28       04/05/2050         Страхование Объекта(ов) недвижимости                             3 289.27
29       04/05/2051         Страхование Объекта(ов) недвижимости                             2 995.81
30       04/05/2052         Страхование Объекта(ов) недвижимости                             2 634.19
31       04/05/2053         Страхование Объекта(ов) недвижимости                             2 184.71
32       04/05/2054         Страхование Объекта(ов) недвижимости                             1 630.25
33       04/05/2055         Страхование Объекта(ов) недвижимости                              944.78
                                                                                               205
                            ИТОГО:
                                                                                              335.10
                                                                                              18 900
                            ИТОГО с учетом процентов за пользование кредитом:
                                                                                              309.99


          График выдал:                                           График получил:
 Директор Дивизиона "Индивидуальное
                                                                          (подпись)
жилищное строительство" Департамента
             "Домклик"
              (должность)                             (Ф.И.О. полностью Заемщика/одного из Созаемщиков)


               (подпись)

     Скороходов Сергей Сергеевич
               (Ф.И.О.)
